
byte	128, 130, 133, 136, 139, 141, 146, 148, 153, 156, 159, 163, 166, 169, 173, 175
byte	178, 180, 181, 184, 185, 186, 187, 188, 189, 189, 189, 190, 190, 189, 189, 189
byte	188, 188, 187, 187, 186, 186, 185, 185, 184, 184, 183, 183, 182, 182, 181, 181
byte	180, 180, 180, 180, 180, 180, 180, 179, 179, 179, 178, 178, 178, 178, 177, 177
byte	177, 176, 176, 175, 174, 173, 172, 170, 169, 167, 166, 164, 163, 162, 160, 159
byte	157, 156, 155, 153, 152, 152, 150, 150, 149, 148, 148, 147, 147, 146, 146, 145
byte	144, 143, 142, 141, 140, 139, 137, 136, 134, 133, 132, 131, 130, 129, 128, 127
byte	127, 126, 126, 126, 126, 126, 127, 128, 130, 131, 133, 135, 136, 138, 141, 142
byte	145, 147, 149, 151, 153, 155, 158, 160, 162, 163, 165, 167, 168, 169, 170, 171
byte	171, 171, 171, 171, 171, 170, 169, 169, 167, 166, 165, 163, 161, 159, 156, 154
byte	151, 149, 147, 143, 141, 138, 134, 132, 128, 125, 123, 119, 116, 114, 110, 108
byte	104, 101, 98, 94, 92, 89, 86, 83, 80, 77, 75, 71, 69, 67, 63, 61
byte	58, 56, 54, 51, 49, 47, 44, 43, 40, 38, 37, 35, 33, 32, 31, 31
byte	30, 30, 30, 31, 31, 32, 33, 34, 36, 38, 39, 42, 44, 45, 48, 49
byte	52, 53, 55, 56, 57, 58, 58, 59, 59, 59, 59, 59, 58, 58, 58, 58
byte	58, 58, 59, 59, 59, 59, 60, 61, 62, 63, 64, 65, 66, 67, 69, 69
byte	71, 72, 72, 74, 75, 75, 77, 78, 79, 80, 81, 82, 83, 83, 85, 86
byte	88, 90, 92, 95, 97, 99, 103, 106, 110, 113, 117, 122, 126, 130, 136, 140
byte	147, 151, 156, 163, 168, 173, 180, 185, 192, 197, 201, 208, 212, 216, 221, 225
byte	229, 232, 235, 238, 240, 242, 244, 245, 247, 248, 249, 249, 250, 250, 251, 251
byte	251, 251, 250, 249, 249, 248, 247, 246, 245, 244, 243, 241, 240, 238, 236, 235
byte	232, 230, 228, 225, 223, 220, 217, 214, 211, 208, 206, 203, 201, 199, 196, 195
byte	193, 192, 192, 191, 190, 190, 190, 190, 190, 190, 190, 190, 190, 190, 189, 189
byte	188, 187, 186, 184, 183, 182, 180, 178, 176, 175, 173, 171, 170, 168, 166, 164
byte	162, 161, 159, 157, 156, 154, 152, 150, 148, 146, 145, 142, 140, 138, 135, 133
byte	130, 128, 126, 122, 120, 118, 116, 114, 111, 110, 108, 106, 105, 103, 101, 100
byte	98, 96, 95, 92, 90, 88, 85, 83, 79, 76, 73, 69, 66, 63, 58, 54
byte	49, 46, 43, 39, 36, 33, 29, 26, 23, 21, 18, 15, 13, 12, 9, 8
byte	6, 5, 4, 3, 2, 1, 1, 0, 0, 0, 0, 0, 0, 0, 1, 1
byte	2, 3, 3, 4, 5, 6, 8, 9, 11, 12, 13, 15, 17, 18, 20, 22
byte	24, 26, 27, 30, 32, 34, 37, 39, 42, 44, 46, 49, 52, 54, 58, 60
byte	64, 67, 70, 74, 77, 80, 85, 88, 93, 96, 100, 105, 108, 112, 117, 121